{"accessors" : [{"bufferView" : 0, "byteOffset" : 0, "componentType" : 5123, "count" : 2112, "type" : "SCALAR", "max" : [2111], "min" : [0]}, {"bufferView" : 1, "byteOffset" : 0, "componentType" : 5126, "count" : 2112, "type" : "VEC3", "max" : [33.885101318359375, 35, 33.92959976196289], "min" : [-33.885101318359375, -1.3877799666275718E-14, -33.92959976196289]}, {"bufferView" : 1, "byteOffset" : 12, "componentType" : 5126, "count" : 2112, "type" : "VEC4", "max" : [0.8980389833450317, 0.8980389833450317, 0.8980389833450317, 1], "min" : [0.8980389833450317, 0.8980389833450317, 0.8980389833450317, 1]}, {"bufferView" : 0, "byteOffset" : 4224, "componentType" : 5123, "count" : 25434, "type" : "SCALAR", "max" : [25433], "min" : [0]}, {"bufferView" : 2, "byteOffset" : 0, "componentType" : 5126, "count" : 25434, "type" : "VEC3", "max" : [2.1683999774573746E-16, 15.997300148010254, 15.989100456237793], "min" : [-10, -15.997300148010254, -16]}, {"bufferView" : 2, "byteOffset" : 12, "componentType" : 5126, "count" : 25434, "type" : "VEC4", "max" : [0.8980389833450317, 0.8980389833450317, 0.8980389833450317, 1], "min" : [0.8980389833450317, 0.8980389833450317, 0.8980389833450317, 1]}, {"bufferView" : 0, "byteOffset" : 55092, "componentType" : 5123, "count" : 19326, "type" : "SCALAR", "max" : [19325], "min" : [0]}, {"bufferView" : 3, "byteOffset" : 0, "componentType" : 5126, "count" : 19326, "type" : "VEC3", "max" : [-1.0841999887286873E-16, 9.748250007629395, 9.75], "min" : [-10, -9.748250007629395, -9.75]}, {"bufferView" : 3, "byteOffset" : 12, "componentType" : 5126, "count" : 19326, "type" : "VEC4", "max" : [0.8980389833450317, 0.8980389833450317, 0.8980389833450317, 1], "min" : [0.8980389833450317, 0.8980389833450317, 0.8980389833450317, 1]}, {"bufferView" : 0, "byteOffset" : 93744, "componentType" : 5123, "count" : 17556, "type" : "SCALAR", "max" : [17555], "min" : [0]}, {"bufferView" : 4, "byteOffset" : 0, "componentType" : 5126, "count" : 17556, "type" : "VEC3", "max" : [-2.5020298957824707, 13.5, 2.497450113296509], "min" : [-7.495890140533447, 8.5, -2.497450113296509]}, {"bufferView" : 4, "byteOffset" : 12, "componentType" : 5126, "count" : 17556, "type" : "VEC4", "max" : [0.8980389833450317, 0.8980389833450317, 0.8980389833450317, 1], "min" : [0.8980389833450317, 0.8980389833450317, 0.8980389833450317, 1]}, {"bufferView" : 0, "byteOffset" : 128856, "componentType" : 5123, "count" : 1392, "type" : "SCALAR", "max" : [1391], "min" : [0]}, {"bufferView" : 5, "byteOffset" : 0, "componentType" : 5126, "count" : 1392, "type" : "VEC3", "max" : [-0.30000001192092896, 12.24590015411377, 12.25], "min" : [-0.5, -12.24590015411377, -12.25]}, {"bufferView" : 5, "byteOffset" : 12, "componentType" : 5126, "count" : 1392, "type" : "VEC4", "max" : [0.8980389833450317, 0.8980389833450317, 0.8980389833450317, 1], "min" : [0.8980389833450317, 0.8980389833450317, 0.8980389833450317, 1]}, {"bufferView" : 0, "byteOffset" : 131640, "componentType" : 5123, "count" : 1392, "type" : "SCALAR", "max" : [1391], "min" : [0]}, {"bufferView" : 6, "byteOffset" : 0, "componentType" : 5126, "count" : 1392, "type" : "VEC3", "max" : [-9.5, 12.24590015411377, 12.25], "min" : [-9.699999809265137, -12.24590015411377, -12.25]}, {"bufferView" : 6, "byteOffset" : 12, "componentType" : 5126, "count" : 1392, "type" : "VEC4", "max" : [0.8980389833450317, 0.8980389833450317, 0.8980389833450317, 1], "min" : [0.8980389833450317, 0.8980389833450317, 0.8980389833450317, 1]}, {"bufferView" : 0, "byteOffset" : 134424, "componentType" : 5123, "count" : 17556, "type" : "SCALAR", "max" : [17555], "min" : [0]}, {"bufferView" : 7, "byteOffset" : 0, "componentType" : 5126, "count" : 17556, "type" : "VEC3", "max" : [-2.5020298957824707, 10.277400016784668, 10.277400016784668], "min" : [-7.495890140533447, 5.278950214385986, 5.278950214385986]}, {"bufferView" : 7, "byteOffset" : 12, "componentType" : 5126, "count" : 17556, "type" : "VEC4", "max" : [0.8980389833450317, 0.8980389833450317, 0.8980389833450317, 1], "min" : [0.8980389833450317, 0.8980389833450317, 0.8980389833450317, 1]}, {"bufferView" : 0, "byteOffset" : 169536, "componentType" : 5123, "count" : 17556, "type" : "SCALAR", "max" : [17555], "min" : [0]}, {"bufferView" : 8, "byteOffset" : 0, "componentType" : 5126, "count" : 17556, "type" : "VEC3", "max" : [-2.5020298957824707, 2.497450113296509, 13.5], "min" : [-7.495890140533447, -2.497450113296509, 8.5]}, {"bufferView" : 8, "byteOffset" : 12, "componentType" : 5126, "count" : 17556, "type" : "VEC4", "max" : [0.8980389833450317, 0.8980389833450317, 0.8980389833450317, 1], "min" : [0.8980389833450317, 0.8980389833450317, 0.8980389833450317, 1]}, {"bufferView" : 0, "byteOffset" : 204648, "componentType" : 5123, "count" : 17556, "type" : "SCALAR", "max" : [17555], "min" : [0]}, {"bufferView" : 9, "byteOffset" : 0, "componentType" : 5126, "count" : 17556, "type" : "VEC3", "max" : [-2.5020298957824707, -5.278950214385986, 10.277400016784668], "min" : [-7.495890140533447, -10.277400016784668, 5.278950214385986]}, {"bufferView" : 9, "byteOffset" : 12, "componentType" : 5126, "count" : 17556, "type" : "VEC4", "max" : [0.8980389833450317, 0.8980389833450317, 0.8980389833450317, 1], "min" : [0.8980389833450317, 0.8980389833450317, 0.8980389833450317, 1]}, {"bufferView" : 0, "byteOffset" : 239760, "componentType" : 5123, "count" : 17556, "type" : "SCALAR", "max" : [17555], "min" : [0]}, {"bufferView" : 10, "byteOffset" : 0, "componentType" : 5126, "count" : 17556, "type" : "VEC3", "max" : [-2.5020298957824707, -8.5, 2.497450113296509], "min" : [-7.495890140533447, -13.5, -2.497450113296509]}, {"bufferView" : 10, "byteOffset" : 12, "componentType" : 5126, "count" : 17556, "type" : "VEC4", "max" : [0.8980389833450317, 0.8980389833450317, 0.8980389833450317, 1], "min" : [0.8980389833450317, 0.8980389833450317, 0.8980389833450317, 1]}, {"bufferView" : 0, "byteOffset" : 274872, "componentType" : 5123, "count" : 17556, "type" : "SCALAR", "max" : [17555], "min" : [0]}, {"bufferView" : 11, "byteOffset" : 0, "componentType" : 5126, "count" : 17556, "type" : "VEC3", "max" : [-2.5020298957824707, -5.278950214385986, -5.278950214385986], "min" : [-7.495890140533447, -10.277400016784668, -10.277400016784668]}, {"bufferView" : 11, "byteOffset" : 12, "componentType" : 5126, "count" : 17556, "type" : "VEC4", "max" : [0.8980389833450317, 0.8980389833450317, 0.8980389833450317, 1], "min" : [0.8980389833450317, 0.8980389833450317, 0.8980389833450317, 1]}, {"bufferView" : 0, "byteOffset" : 309984, "componentType" : 5123, "count" : 17556, "type" : "SCALAR", "max" : [17555], "min" : [0]}, {"bufferView" : 12, "byteOffset" : 0, "componentType" : 5126, "count" : 17556, "type" : "VEC3", "max" : [-2.5020298957824707, 2.497450113296509, -8.5], "min" : [-7.495890140533447, -2.497450113296509, -13.5]}, {"bufferView" : 12, "byteOffset" : 12, "componentType" : 5126, "count" : 17556, "type" : "VEC4", "max" : [0.8980389833450317, 0.8980389833450317, 0.8980389833450317, 1], "min" : [0.8980389833450317, 0.8980389833450317, 0.8980389833450317, 1]}, {"bufferView" : 0, "byteOffset" : 345096, "componentType" : 5123, "count" : 17556, "type" : "SCALAR", "max" : [17555], "min" : [0]}, {"bufferView" : 13, "byteOffset" : 0, "componentType" : 5126, "count" : 17556, "type" : "VEC3", "max" : [-2.5020298957824707, 10.277400016784668, -5.278950214385986], "min" : [-7.495890140533447, 5.278950214385986, -10.277400016784668]}, {"bufferView" : 13, "byteOffset" : 12, "componentType" : 5126, "count" : 17556, "type" : "VEC4", "max" : [0.8980389833450317, 0.8980389833450317, 0.8980389833450317, 1], "min" : [0.8980389833450317, 0.8980389833450317, 0.8980389833450317, 1]}, {"bufferView" : 0, "byteOffset" : 380208, "componentType" : 5123, "count" : 900, "type" : "SCALAR", "max" : [899], "min" : [0]}, {"bufferView" : 14, "byteOffset" : 0, "componentType" : 5126, "count" : 900, "type" : "VEC3", "max" : [7.40093994140625, 5.67209005355835, 1.0002199411392212], "min" : [-7.40438985824585, -7.3998799324035645, 0]}, {"bufferView" : 14, "byteOffset" : 12, "componentType" : 5126, "count" : 900, "type" : "VEC4", "max" : [0.792156994342804, 0.8196079730987549, 0.9333329796791077, 1], "min" : [0.792156994342804, 0.8196079730987549, 0.9333329796791077, 1]}, {"bufferView" : 0, "byteOffset" : 382008, "componentType" : 5123, "count" : 1500, "type" : "SCALAR", "max" : [1499], "min" : [0]}, {"bufferView" : 15, "byteOffset" : 0, "componentType" : 5126, "count" : 1500, "type" : "VEC3", "max" : [28.914899826049805, 35, 29], "min" : [-28.914899826049805, -1.3877799666275718E-14, -29]}, {"bufferView" : 15, "byteOffset" : 12, "componentType" : 5126, "count" : 1500, "type" : "VEC4", "max" : [0.7803919911384583, 0.7607839703559875, 0.7411760091781616, 1], "min" : [0.7803919911384583, 0.7607839703559875, 0.7411760091781616, 1]}, {"bufferView" : 0, "byteOffset" : 385008, "componentType" : 5123, "count" : 10992, "type" : "SCALAR", "max" : [10991], "min" : [0]}, {"bufferView" : 16, "byteOffset" : 0, "componentType" : 5126, "count" : 10992, "type" : "VEC3", "max" : [54, 40, 53.555599212646484], "min" : [-54, -1.3877799666275718E-14, -53.555599212646484]}, {"bufferView" : 16, "byteOffset" : 12, "componentType" : 5126, "count" : 10992, "type" : "VEC4", "max" : [0.20000000298023224, 0.20000000298023224, 0.20000000298023224, 1], "min" : [0.20000000298023224, 0.20000000298023224, 0.20000000298023224, 1]}, {"bufferView" : 0, "byteOffset" : 406992, "componentType" : 5123, "count" : 750, "type" : "SCALAR", "max" : [749], "min" : [0]}, {"bufferView" : 17, "byteOffset" : 0, "componentType" : 5126, "count" : 750, "type" : "VEC3", "max" : [59.40010070800781, 4.618710041046143, 123.5999984741211], "min" : [51.37080001831055, -4.618710041046143, -1.7347199819658997E-15]}, {"bufferView" : 17, "byteOffset" : 12, "componentType" : 5126, "count" : 750, "type" : "VEC4", "max" : [0.7803919911384583, 0.7607839703559875, 0.7411760091781616, 1], "min" : [0.7803919911384583, 0.7607839703559875, 0.7411760091781616, 1]}, {"bufferView" : 0, "byteOffset" : 408492, "componentType" : 5123, "count" : 750, "type" : "SCALAR", "max" : [749], "min" : [0]}, {"bufferView" : 18, "byteOffset" : 0, "componentType" : 5126, "count" : 750, "type" : "VEC3", "max" : [4.618710041046143, -51.37080001831055, 123.5999984741211], "min" : [-4.618710041046143, -59.40010070800781, -1.7347199819658997E-15]}, {"bufferView" : 18, "byteOffset" : 12, "componentType" : 5126, "count" : 750, "type" : "VEC4", "max" : [0.7803919911384583, 0.7607839703559875, 0.7411760091781616, 1], "min" : [0.7803919911384583, 0.7607839703559875, 0.7411760091781616, 1]}, {"bufferView" : 0, "byteOffset" : 409992, "componentType" : 5123, "count" : 750, "type" : "SCALAR", "max" : [749], "min" : [0]}, {"bufferView" : 19, "byteOffset" : 0, "componentType" : 5126, "count" : 750, "type" : "VEC3", "max" : [-51.37080001831055, 4.618710041046143, 123.5999984741211], "min" : [-59.40010070800781, -4.618710041046143, 0]}, {"bufferView" : 19, "byteOffset" : 12, "componentType" : 5126, "count" : 750, "type" : "VEC4", "max" : [0.7803919911384583, 0.7607839703559875, 0.7411760091781616, 1], "min" : [0.7803919911384583, 0.7607839703559875, 0.7411760091781616, 1]}, {"bufferView" : 0, "byteOffset" : 411492, "componentType" : 5123, "count" : 750, "type" : "SCALAR", "max" : [749], "min" : [0]}, {"bufferView" : 20, "byteOffset" : 0, "componentType" : 5126, "count" : 750, "type" : "VEC3", "max" : [4.618710041046143, 59.40010070800781, 123.5999984741211], "min" : [-4.618710041046143, 51.37080001831055, -1.7347199819658997E-15]}, {"bufferView" : 20, "byteOffset" : 12, "componentType" : 5126, "count" : 750, "type" : "VEC4", "max" : [0.7803919911384583, 0.7607839703559875, 0.7411760091781616, 1], "min" : [0.7803919911384583, 0.7607839703559875, 0.7411760091781616, 1]}, {"bufferView" : 0, "byteOffset" : 412992, "componentType" : 5123, "count" : 5556, "type" : "SCALAR", "max" : [5555], "min" : [0]}, {"bufferView" : 21, "byteOffset" : 0, "componentType" : 5126, "count" : 5556, "type" : "VEC3", "max" : [66, 6.349999904632568, 6.344279766082764], "min" : [-66, -6.349999904632568, -6.344279766082764]}, {"bufferView" : 21, "byteOffset" : 12, "componentType" : 5126, "count" : 5556, "type" : "VEC4", "max" : [0.7764710187911987, 0.756862998008728, 0.7372549772262573, 1], "min" : [0.7764710187911987, 0.756862998008728, 0.7372549772262573, 1]}, {"bufferView" : 0, "byteOffset" : 424104, "componentType" : 5123, "count" : 11904, "type" : "SCALAR", "max" : [11903], "min" : [0]}, {"bufferView" : 22, "byteOffset" : 0, "componentType" : 5126, "count" : 11904, "type" : "VEC3", "max" : [59.41630172729492, 35, 59.41630172729492], "min" : [-59.41630172729492, 0, -59.41630172729492]}, {"bufferView" : 22, "byteOffset" : 12, "componentType" : 5126, "count" : 11904, "type" : "VEC4", "max" : [1, 0.16862699389457703, 0.16862699389457703, 1], "min" : [1, 0.16862699389457703, 0.16862699389457703, 1]}, {"bufferView" : 0, "byteOffset" : 447912, "componentType" : 5123, "count" : 14058, "type" : "SCALAR", "max" : [14057], "min" : [0]}, {"bufferView" : 23, "byteOffset" : 0, "componentType" : 5126, "count" : 14058, "type" : "VEC3", "max" : [104.41600036621094, 35, 59.41630172729492], "min" : [-104.41600036621094, 0, -59.41630172729492]}, {"bufferView" : 23, "byteOffset" : 12, "componentType" : 5126, "count" : 14058, "type" : "VEC4", "max" : [1, 0.16862699389457703, 0.16862699389457703, 1], "min" : [1, 0.16862699389457703, 0.16862699389457703, 1]}], "asset" : {"generator" : "Aspose.3D 20.7.1", "version" : "2.0"}, "buffers" : [{"uri" : "buffer.bin", "byteLength" : 7140516}], "bufferViews" : [{"buffer" : 0, "byteOffset" : 0, "byteLength" : 476028, "target" : 34963}, {"buffer" : 0, "byteOffset" : 476032, "byteLength" : 59136, "byteStride" : 28, "target" : 34962}, {"buffer" : 0, "byteOffset" : 535172, "byteLength" : 712152, "byteStride" : 28, "target" : 34962}, {"buffer" : 0, "byteOffset" : 1247328, "byteLength" : 541128, "byteStride" : 28, "target" : 34962}, {"buffer" : 0, "byteOffset" : 1788460, "byteLength" : 491568, "byteStride" : 28, "target" : 34962}, {"buffer" : 0, "byteOffset" : 2280032, "byteLength" : 38976, "byteStride" : 28, "target" : 34962}, {"buffer" : 0, "byteOffset" : 2319012, "byteLength" : 38976, "byteStride" : 28, "target" : 34962}, {"buffer" : 0, "byteOffset" : 2357992, "byteLength" : 491568, "byteStride" : 28, "target" : 34962}, {"buffer" : 0, "byteOffset" : 2849564, "byteLength" : 491568, "byteStride" : 28, "target" : 34962}, {"buffer" : 0, "byteOffset" : 3341136, "byteLength" : 491568, "byteStride" : 28, "target" : 34962}, {"buffer" : 0, "byteOffset" : 3832708, "byteLength" : 491568, "byteStride" : 28, "target" : 34962}, {"buffer" : 0, "byteOffset" : 4324280, "byteLength" : 491568, "byteStride" : 28, "target" : 34962}, {"buffer" : 0, "byteOffset" : 4815852, "byteLength" : 491568, "byteStride" : 28, "target" : 34962}, {"buffer" : 0, "byteOffset" : 5307424, "byteLength" : 491568, "byteStride" : 28, "target" : 34962}, {"buffer" : 0, "byteOffset" : 5798996, "byteLength" : 25200, "byteStride" : 28, "target" : 34962}, {"buffer" : 0, "byteOffset" : 5824200, "byteLength" : 42000, "byteStride" : 28, "target" : 34962}, {"buffer" : 0, "byteOffset" : 5866204, "byteLength" : 307776, "byteStride" : 28, "target" : 34962}, {"buffer" : 0, "byteOffset" : 6173984, "byteLength" : 21000, "byteStride" : 28, "target" : 34962}, {"buffer" : 0, "byteOffset" : 6194988, "byteLength" : 21000, "byteStride" : 28, "target" : 34962}, {"buffer" : 0, "byteOffset" : 6215992, "byteLength" : 21000, "byteStride" : 28, "target" : 34962}, {"buffer" : 0, "byteOffset" : 6236996, "byteLength" : 21000, "byteStride" : 28, "target" : 34962}, {"buffer" : 0, "byteOffset" : 6258000, "byteLength" : 155568, "byteStride" : 28, "target" : 34962}, {"buffer" : 0, "byteOffset" : 6413572, "byteLength" : 333312, "byteStride" : 28, "target" : 34962}, {"buffer" : 0, "byteOffset" : 6746888, "byteLength" : 393624, "byteStride" : 28, "target" : 34962}], "meshes" : [{"primitives" : [{"attributes" : {"POSITION" : 1, "COLOR" : 2}, "indices" : 0, "mode" : 4}]}, {"primitives" : [{"attributes" : {"POSITION" : 4, "COLOR" : 5}, "indices" : 3, "mode" : 4}]}, {"primitives" : [{"attributes" : {"POSITION" : 7, "COLOR" : 8}, "indices" : 6, "mode" : 4}]}, {"primitives" : [{"attributes" : {"POSITION" : 10, "COLOR" : 11}, "indices" : 9, "mode" : 4}]}, {"primitives" : [{"attributes" : {"POSITION" : 13, "COLOR" : 14}, "indices" : 12, "mode" : 4}]}, {"primitives" : [{"attributes" : {"POSITION" : 16, "COLOR" : 17}, "indices" : 15, "mode" : 4}]}, {"primitives" : [{"attributes" : {"POSITION" : 19, "COLOR" : 20}, "indices" : 18, "mode" : 4}]}, {"primitives" : [{"attributes" : {"POSITION" : 22, "COLOR" : 23}, "indices" : 21, "mode" : 4}]}, {"primitives" : [{"attributes" : {"POSITION" : 25, "COLOR" : 26}, "indices" : 24, "mode" : 4}]}, {"primitives" : [{"attributes" : {"POSITION" : 28, "COLOR" : 29}, "indices" : 27, "mode" : 4}]}, {"primitives" : [{"attributes" : {"POSITION" : 31, "COLOR" : 32}, "indices" : 30, "mode" : 4}]}, {"primitives" : [{"attributes" : {"POSITION" : 34, "COLOR" : 35}, "indices" : 33, "mode" : 4}]}, {"primitives" : [{"attributes" : {"POSITION" : 37, "COLOR" : 38}, "indices" : 36, "mode" : 4}]}, {"primitives" : [{"attributes" : {"POSITION" : 40, "COLOR" : 41}, "indices" : 39, "mode" : 4}]}, {"primitives" : [{"attributes" : {"POSITION" : 43, "COLOR" : 44}, "indices" : 42, "mode" : 4}]}, {"primitives" : [{"attributes" : {"POSITION" : 46, "COLOR" : 47}, "indices" : 45, "mode" : 4}]}, {"primitives" : [{"attributes" : {"POSITION" : 49, "COLOR" : 50}, "indices" : 48, "mode" : 4}]}, {"primitives" : [{"attributes" : {"POSITION" : 52, "COLOR" : 53}, "indices" : 51, "mode" : 4}]}, {"primitives" : [{"attributes" : {"POSITION" : 55, "COLOR" : 56}, "indices" : 54, "mode" : 4}]}, {"primitives" : [{"attributes" : {"POSITION" : 58, "COLOR" : 59}, "indices" : 57, "mode" : 4}]}, {"primitives" : [{"attributes" : {"POSITION" : 61, "COLOR" : 62}, "indices" : 60, "mode" : 4}]}, {"primitives" : [{"attributes" : {"POSITION" : 64, "COLOR" : 65}, "indices" : 63, "mode" : 4}]}, {"primitives" : [{"attributes" : {"POSITION" : 67, "COLOR" : 68}, "indices" : 66, "mode" : 4}]}], "nodes" : [{"mesh" : 0, "name" : "constellation_1"}, {"matrix" : [1, 0, 0, 0, 0, 1, 0, 0, 0, 0, 1, 0, -0.0684154, -0.0102038, 0.132, 1], "mesh" : 1, "name" : "object_13"}, {"matrix" : [1, 0, 0, 0, 0, 1, 0, 0, 0, 0, 1, 0, -0.0684154, -0.0102038, 0.132, 1], "mesh" : 2, "name" : "object_14"}, {"matrix" : [1, 0, 0, 0, 0, 1, 0, 0, 0, 0, 1, 0, -0.0684154, -0.0102038, 0.132, 1], "mesh" : 3, "name" : "object_15"}, {"matrix" : [1, 0, 0, 0, 0, 1, 0, 0, 0, 0, 1, 0, -0.0684154, -0.0102038, 0.132, 1], "mesh" : 4, "name" : "object_16"}, {"matrix" : [1, 0, 0, 0, 0, 1, 0, 0, 0, 0, 1, 0, -0.0684154, -0.0102038, 0.132, 1], "mesh" : 5, "name" : "object_17"}, {"matrix" : [1, 0, 0, 0, 0, 1, 0, 0, 0, 0, 1, 0, -0.0684154, -0.0102038, 0.132, 1], "mesh" : 6, "name" : "object_18"}, {"matrix" : [1, 0, 0, 0, 0, 1, 0, 0, 0, 0, 1, 0, -0.0684154, -0.0102038, 0.132, 1], "mesh" : 7, "name" : "object_19"}, {"matrix" : [1, 0, 0, 0, 0, 1, 0, 0, 0, 0, 1, 0, -0.0684154, -0.0102038, 0.132, 1], "mesh" : 8, "name" : "object_20"}, {"matrix" : [1, 0, 0, 0, 0, 1, 0, 0, 0, 0, 1, 0, -0.0684154, -0.0102038, 0.132, 1], "mesh" : 9, "name" : "object_21"}, {"matrix" : [1, 0, 0, 0, 0, 1, 0, 0, 0, 0, 1, 0, -0.0684154, -0.0102038, 0.132, 1], "mesh" : 10, "name" : "object_22"}, {"matrix" : [1, 0, 0, 0, 0, 1, 0, 0, 0, 0, 1, 0, -0.0684154, -0.0102038, 0.132, 1], "mesh" : 11, "name" : "object_23"}, {"matrix" : [1, 0, 0, 0, 0, 1, 0, 0, 0, 0, 1, 0, -0.0684154, -0.0102038, 0.132, 1], "mesh" : 12, "name" : "object_24"}, {"children" : [1, 2, 3, 4, 5, 6, 7, 8, 9, 10, 11, 12], "name" : "constellation_2"}, {"mesh" : 13, "name" : "constellation_3"}, {"mesh" : 14, "name" : "constellation_4"}, {"mesh" : 15, "name" : "constellation_5"}, {"matrix" : [-0.5999999999999999, -0.5656854249492379, -0.565685424949238, 0, -0.5656854249492381, 0.8, -0.19999999999999982, 0, 0.5656854249492378, 0.20000000000000015, -0.7999999999999998, 0, 0.0216849, -0.0102333, 0.131975, 1], "mesh" : 16, "name" : "object_28"}, {"matrix" : [-0.5999999999999999, -0.5656854249492379, -0.565685424949238, 0, -0.5656854249492381, 0.8, -0.19999999999999982, 0, 0.5656854249492378, 0.20000000000000015, -0.7999999999999998, 0, 0.0216849, -0.0102333, 0.131975, 1], "mesh" : 17, "name" : "object_29"}, {"matrix" : [-0.5999999999999999, -0.5656854249492379, -0.565685424949238, 0, -0.5656854249492381, 0.8, -0.19999999999999982, 0, 0.5656854249492378, 0.20000000000000015, -0.7999999999999998, 0, 0.0216849, -0.0102333, 0.131975, 1], "mesh" : 18, "name" : "object_30"}, {"matrix" : [-0.5999999999999999, -0.5656854249492379, -0.565685424949238, 0, -0.5656854249492381, 0.8, -0.19999999999999982, 0, 0.5656854249492378, 0.20000000000000015, -0.7999999999999998, 0, 0.0216849, -0.0102333, 0.131975, 1], "mesh" : 19, "name" : "object_31"}, {"children" : [17, 18, 19, 20], "name" : "constellation_6"}, {"mesh" : 20, "name" : "constellation_7"}, {"mesh" : 13, "name" : "constellation_8"}, {"mesh" : 21, "name" : "constellation_9"}, {"matrix" : [1, 0, 0, 0, 0, 1, 0, 0, 0, 0, 1, 0, 0.0150851, -0.0102038, 0.132, 1], "mesh" : 1, "name" : "object_13"}, {"matrix" : [1, 0, 0, 0, 0, 1, 0, 0, 0, 0, 1, 0, 0.0150851, -0.0102038, 0.132, 1], "mesh" : 2, "name" : "object_14"}, {"matrix" : [1, 0, 0, 0, 0, 1, 0, 0, 0, 0, 1, 0, 0.0150851, -0.0102038, 0.132, 1], "mesh" : 3, "name" : "object_15"}, {"matrix" : [1, 0, 0, 0, 0, 1, 0, 0, 0, 0, 1, 0, 0.0150851, -0.0102038, 0.132, 1], "mesh" : 4, "name" : "object_16"}, {"matrix" : [1, 0, 0, 0, 0, 1, 0, 0, 0, 0, 1, 0, 0.0150851, -0.0102038, 0.132, 1], "mesh" : 5, "name" : "object_17"}, {"matrix" : [1, 0, 0, 0, 0, 1, 0, 0, 0, 0, 1, 0, 0.0150851, -0.0102038, 0.132, 1], "mesh" : 6, "name" : "object_18"}, {"matrix" : [1, 0, 0, 0, 0, 1, 0, 0, 0, 0, 1, 0, 0.0150851, -0.0102038, 0.132, 1], "mesh" : 7, "name" : "object_19"}, {"matrix" : [1, 0, 0, 0, 0, 1, 0, 0, 0, 0, 1, 0, 0.0150851, -0.0102038, 0.132, 1], "mesh" : 8, "name" : "object_20"}, {"matrix" : [1, 0, 0, 0, 0, 1, 0, 0, 0, 0, 1, 0, 0.0150851, -0.0102038, 0.132, 1], "mesh" : 9, "name" : "object_21"}, {"matrix" : [1, 0, 0, 0, 0, 1, 0, 0, 0, 0, 1, 0, 0.0150851, -0.0102038, 0.132, 1], "mesh" : 10, "name" : "object_22"}, {"matrix" : [1, 0, 0, 0, 0, 1, 0, 0, 0, 0, 1, 0, 0.0150851, -0.0102038, 0.132, 1], "mesh" : 11, "name" : "object_23"}, {"matrix" : [1, 0, 0, 0, 0, 1, 0, 0, 0, 0, 1, 0, 0.0150851, -0.0102038, 0.132, 1], "mesh" : 12, "name" : "object_24"}, {"children" : [25, 26, 27, 28, 29, 30, 31, 32, 33, 34, 35, 36], "name" : "constellation_10"}, {"mesh" : 22, "name" : "constellation_11"}, {"children" : [0, 13, 14, 15, 16, 21, 22, 23, 24, 37, 38], "name" : "constellation_0"}, {"matrix" : [-2.220446049250313E-16, -1, 0, 0, 1, -2.220446049250313E-16, 0, 0, 0, 0, 1, 0, -0.0514151, -0.0102038, 0.132, 1], "mesh" : 0, "name" : "constellation_1"}, {"matrix" : [1, 0, 0, 0, 0, 1, 0, 0, 0, 0, 1, 0, -0.0684154, -0.0102038, 0.132, 1], "mesh" : 1, "name" : "object_13"}, {"matrix" : [1, 0, 0, 0, 0, 1, 0, 0, 0, 0, 1, 0, -0.0684154, -0.0102038, 0.132, 1], "mesh" : 2, "name" : "object_14"}, {"matrix" : [1, 0, 0, 0, 0, 1, 0, 0, 0, 0, 1, 0, -0.0684154, -0.0102038, 0.132, 1], "mesh" : 3, "name" : "object_15"}, {"matrix" : [1, 0, 0, 0, 0, 1, 0, 0, 0, 0, 1, 0, -0.0684154, -0.0102038, 0.132, 1], "mesh" : 4, "name" : "object_16"}, {"matrix" : [1, 0, 0, 0, 0, 1, 0, 0, 0, 0, 1, 0, -0.0684154, -0.0102038, 0.132, 1], "mesh" : 5, "name" : "object_17"}, {"matrix" : [1, 0, 0, 0, 0, 1, 0, 0, 0, 0, 1, 0, -0.0684154, -0.0102038, 0.132, 1], "mesh" : 6, "name" : "object_18"}, {"matrix" : [1, 0, 0, 0, 0, 1, 0, 0, 0, 0, 1, 0, -0.0684154, -0.0102038, 0.132, 1], "mesh" : 7, "name" : "object_19"}, {"matrix" : [1, 0, 0, 0, 0, 1, 0, 0, 0, 0, 1, 0, -0.0684154, -0.0102038, 0.132, 1], "mesh" : 8, "name" : "object_20"}, {"matrix" : [1, 0, 0, 0, 0, 1, 0, 0, 0, 0, 1, 0, -0.0684154, -0.0102038, 0.132, 1], "mesh" : 9, "name" : "object_21"}, {"matrix" : [1, 0, 0, 0, 0, 1, 0, 0, 0, 0, 1, 0, -0.0684154, -0.0102038, 0.132, 1], "mesh" : 10, "name" : "object_22"}, {"matrix" : [1, 0, 0, 0, 0, 1, 0, 0, 0, 0, 1, 0, -0.0684154, -0.0102038, 0.132, 1], "mesh" : 11, "name" : "object_23"}, {"matrix" : [1, 0, 0, 0, 0, 1, 0, 0, 0, 0, 1, 0, -0.0684154, -0.0102038, 0.132, 1], "mesh" : 12, "name" : "object_24"}, {"children" : [41, 42, 43, 44, 45, 46, 47, 48, 49, 50, 51, 52], "name" : "constellation_2"}, {"matrix" : [-0.5999999999999999, -0.5656854249492379, -0.565685424949238, 0, -0.5656854249492381, 0.8, -0.19999999999999982, 0, 0.5656854249492378, 0.20000000000000015, -0.7999999999999998, 0, 0.00508509, -0.0102038, 0.132, 1], "mesh" : 13, "name" : "constellation_3"}, {"matrix" : [-2.220446049250313E-16, -1, 0, 0, 1, -2.220446049250313E-16, 0, 0, 0, 0, 1, 0, -0.0514151, -0.0102038, 0.132, 1], "mesh" : 14, "name" : "constellation_4"}, {"matrix" : [-2.220446049250313E-16, 1.0000000000000002, 0, 0, -1.0000000000000002, -2.220446049250313E-16, 0, 0, 0, 0, 1, 0, -0.0139151, -0.0102038, 0.132, 1], "mesh" : 15, "name" : "constellation_5"}, {"matrix" : [-0.5999999999999999, -0.5656854249492379, -0.565685424949238, 0, -0.5656854249492381, 0.8, -0.19999999999999982, 0, 0.5656854249492378, 0.20000000000000015, -0.7999999999999998, 0, 0.0216849, -0.0102333, 0.131975, 1], "mesh" : 16, "name" : "object_28"}, {"matrix" : [-0.5999999999999999, -0.5656854249492379, -0.565685424949238, 0, -0.5656854249492381, 0.8, -0.19999999999999982, 0, 0.5656854249492378, 0.20000000000000015, -0.7999999999999998, 0, 0.0216849, -0.0102333, 0.131975, 1], "mesh" : 17, "name" : "object_29"}, {"matrix" : [-0.5999999999999999, -0.5656854249492379, -0.565685424949238, 0, -0.5656854249492381, 0.8, -0.19999999999999982, 0, 0.5656854249492378, 0.20000000000000015, -0.7999999999999998, 0, 0.0216849, -0.0102333, 0.131975, 1], "mesh" : 18, "name" : "object_30"}, {"matrix" : [-0.5999999999999999, -0.5656854249492379, -0.565685424949238, 0, -0.5656854249492381, 0.8, -0.19999999999999982, 0, 0.5656854249492378, 0.20000000000000015, -0.7999999999999998, 0, 0.0216849, -0.0102333, 0.131975, 1], "mesh" : 19, "name" : "object_31"}, {"children" : [57, 58, 59, 60], "name" : "constellation_6"}, {"matrix" : [1, 0, 0, 0, 0, 1, 0, 0, 0, 0, 1, 0, -0.0234151, -0.0102038, 0.132, 1], "mesh" : 20, "name" : "constellation_7"}, {"matrix" : [-0.5999999999999999, -0.5656854249492379, -0.565685424949238, 0, -0.5656854249492381, 0.8, -0.19999999999999982, 0, 0.5656854249492378, 0.20000000000000015, -0.7999999999999998, 0, -0.0674151, -0.0102038, 0.132, 1], "mesh" : 13, "name" : "constellation_8"}, {"matrix" : [-2.220446049250313E-16, 1.0000000000000002, 0, 0, -1.0000000000000002, -2.220446049250313E-16, 0, 0, 0, 0, 1, 0, 0.0180849, -0.0102038, 0.132, 1], "mesh" : 21, "name" : "constellation_9"}, {"matrix" : [1, 0, 0, 0, 0, 1, 0, 0, 0, 0, 1, 0, 0.0150851, -0.0102038, 0.132, 1], "mesh" : 1, "name" : "object_13"}, {"matrix" : [1, 0, 0, 0, 0, 1, 0, 0, 0, 0, 1, 0, 0.0150851, -0.0102038, 0.132, 1], "mesh" : 2, "name" : "object_14"}, {"matrix" : [1, 0, 0, 0, 0, 1, 0, 0, 0, 0, 1, 0, 0.0150851, -0.0102038, 0.132, 1], "mesh" : 3, "name" : "object_15"}, {"matrix" : [1, 0, 0, 0, 0, 1, 0, 0, 0, 0, 1, 0, 0.0150851, -0.0102038, 0.132, 1], "mesh" : 4, "name" : "object_16"}, {"matrix" : [1, 0, 0, 0, 0, 1, 0, 0, 0, 0, 1, 0, 0.0150851, -0.0102038, 0.132, 1], "mesh" : 5, "name" : "object_17"}, {"matrix" : [1, 0, 0, 0, 0, 1, 0, 0, 0, 0, 1, 0, 0.0150851, -0.0102038, 0.132, 1], "mesh" : 6, "name" : "object_18"}, {"matrix" : [1, 0, 0, 0, 0, 1, 0, 0, 0, 0, 1, 0, 0.0150851, -0.0102038, 0.132, 1], "mesh" : 7, "name" : "object_19"}, {"matrix" : [1, 0, 0, 0, 0, 1, 0, 0, 0, 0, 1, 0, 0.0150851, -0.0102038, 0.132, 1], "mesh" : 8, "name" : "object_20"}, {"matrix" : [1, 0, 0, 0, 0, 1, 0, 0, 0, 0, 1, 0, 0.0150851, -0.0102038, 0.132, 1], "mesh" : 9, "name" : "object_21"}, {"matrix" : [1, 0, 0, 0, 0, 1, 0, 0, 0, 0, 1, 0, 0.0150851, -0.0102038, 0.132, 1], "mesh" : 10, "name" : "object_22"}, {"matrix" : [1, 0, 0, 0, 0, 1, 0, 0, 0, 0, 1, 0, 0.0150851, -0.0102038, 0.132, 1], "mesh" : 11, "name" : "object_23"}, {"matrix" : [1, 0, 0, 0, 0, 1, 0, 0, 0, 0, 1, 0, 0.0150851, -0.0102038, 0.132, 1], "mesh" : 12, "name" : "object_24"}, {"children" : [65, 66, 67, 68, 69, 70, 71, 72, 73, 74, 75, 76], "name" : "constellation_10"}, {"matrix" : [-2.220446049250313E-16, -1, 0, 0, 1, -2.220446049250313E-16, 0, 0, 0, 0, 1, 0, -0.0859151, -0.0102038, 0.132, 1], "mesh" : 22, "name" : "constellation_11"}], "scene" : 0, "scenes" : [{"nodes" : [39, 40, 53, 54, 55, 56, 61, 62, 63, 64, 77, 78]}]}